6654
6668
10414
31510
18657
4266
25923
25930
9903
11587
19378
25237
27976
11591
8822
25365
16805
477
13806
25148
20412
3122
29537
9673
23971
29713
13633
26871
6649
19637
9388
18420
10626
31707
21560
32660
14353
5915
30704
21831
4267
11127
24218
15177
233
9013
4156
1304
2974
15850
13790
16427
11962
20184
11920
1249
16494
13689
30127
21432
10129
17500
15973
21183
29507
2608
26735
32590
5584
12575
12835
10228
18135
26717
19377
17073
20651
3072
12201
29541
19705
32530
25789
22153
5291
27620
3273
25629
26381
24230
25872
32481
3118
28213
7112
968
30346
26420
7898
28074
10213
11614
18403
24889
23930
18202
2430
13622
18261
18256
453
19173
20222
2428
5653
19134
12631
29697
31762
6501
28615
13503
21483
6364
23704
11239
14304
2552
18078
30990
25857
8721
2074
24193
24888
10494
31965
28377
17033
13120
9137
14543
31641
19582
28404
25937
20845
9778
2182
31701
24181
7841
3302
16621
18121
13328
407
25371
434
14389
2761
27111
23660
22508
9269
6960
6698
19243
24905
19136
21851
16696
30853
18467
1580
23833
7717
24248
21070
22093
29184
7176
2553
4537
1200
20567
30257
18149
14323
32121
23624
1384
32337
10215
23204
11937
15871
15890
706
14248
23300
2551
21627
18308
11418
24820
32390
1439
25047
1498
2111
11383
6540
28995
18598
13461
12654
29734
20139
11203
4211
26792
7849
3194
28799
25909
26928
10650
27456
9680
7943
605
20054
8103
1649
4750
31416
29419
13744
29430
21331
11998
5832
24088
32500
7214
22661
27934
359
385
28863
8466
28641
5713
5085
3153
17563
6138
17816
12349
5568
13585
26370
25395
13193
17144
26054
21181
29094
29103
28849
30216
8161
29165
21873
1176
30206
16752
27549
17722
30437
4497
12534
18746
3843
31771
31469
26583
29165
31325
24933
3572
31558
21118
18105
13840
5860
28433
8449
7288
29742
21737
26769
955
2248
11055
20419
7519
9843
2481
10231
27346
10286
381
6103
10915
31393
5039
1760
9714
956
2695
25118
29222
11676
26815
7734
31454
6318
25371
6826
26665
14614
6209
19033
13561
25426
31435
17733
2517
3098
8603
10137
12239
16267
29294
25067
12214
4997
23220
24254
29068
6482
2720
8523
28730
4744
26235
16769
21891
27952
8765
26954
4663
19239
15198
14096
18089
6341
17642
10624
3938
30397
14804
30861
2583
31556
18828
32696
9945
3702
21203
7567
6540
26101
207
11380
32666
25555
15962
30880
3561
23730
29600
22376
23306
2345
16873
17342
6579
9834
12723
9210
22383
2594
1796
7387
5012
11681
12286
5576
17013
29755
436
21084
4314
12526
14140
17698
31661
12101
26374
32669
4086
17275
25195
25484
26378
9700
13193
31083
13054
7561
11599
4157
28514
15890
16852
2697
2604
15594
4845
31907
6387
8605
28926
44
28254
21893
15376
24796
9179
22181
23332
1663
27540
4565
15815
16446
16031
10272
7143
21792
15220
9066
26597
32209
18597
24149
9963
11169
20425
9062
9088
16591
9401
18276
11866
7688
27904
17153
24947
10539
7052
4029
6495
12623
21674
19462
6364
21511
20017
27300
2731
18405
32764
29012
21918
12348
14494
2739
30451
24106
27218
28510
22240
8918
17457
27224
19311
5879
27560
31916
15756
31638
27176
25683
9308
6164
8991
2647
19153
14702
26152
7225
4988
14016
29054
21649
11938
7944
30903
14068
30353
29741
943
17178
26164
5952
14786
25408
24038
18945
27966
6604
10884
27045
31511
12848
710
18134
21213
30992
28367
16124
15084
16295
19970
31419
9443
11879
28440
30140
9815
10975
28271
13233
27080
21730
20133
18067
11219
24294
32614
2606
6314
17834
18050
14560
7618
11036
16195
15774
971
22649
25597
26423
25829
11190
21990
24797
21265
29727
22312
5089
17125
574
11061
22206
3717
28414
20827
3417
9422
24080
19864
7815
14548
16270
29615
25296
1423
21726
26747
28787
31185
31962
19844
26793
24699
2861
19152
10798
22769
12032
27388
3326
13259
11479
32139
2908
1998
28597
29565
31769
4890
13703
27171
16915
15524
23231
22579
5372
18919
2368
4376
18269
7383
20090
4747
11738
3607
23766
20583
2999
14187
31828
29369
10395
17008
28274
14871
29588
3979
18769
32308
22364
18719
3603
31409
9179
14083
32391
24117
12524
26163
30216
20415
7780
30917
18850
24123
21841
12831
29559
3668
11903
4968
3425
31370
25153
7228
24281
14724
9581
932
536
32423
6057
32069
25723
10471
26341
24279
9772
13277
19497
14809
7423
16154
17809
15747
32410
8124
12694
29949
30169
12351
12174
13774
10097
21141
26998
21143
27091
22648
10992
26113
13395
17919
27016
18932
2441
8815
8763
3850
24823
19284
12346
2115
21485
32209
235
16122
4522
2613
18737
25367
24260
26062
8173
2951
9162
3842
8645
23273
20263
30619
548
23690
3657
26979
11649
11668
8707
6385
24805
18050
21040
23234
23207
30935
17562
11916
2170
29968
15130
5326
22187
27863
32000
25260
1187
9593
28596
2042
8883
3738
8862
31639
7441
12584
21060
16892
30749
2701
9906
16916
8681
10281
12575
23631
31993
5887
27853
30706
2119
31662
18225
31409
18570
26276
29524
24191
22200
14478
3193
22949
14282
11026
19456
19729
25023
20929
22154
27889
4579
10055
25694
22401
22609
31461
18700
3617
31927
21026
7760
1195
8281
4797
5688
15107
16729
2277
14473
5360
821
7596
3936
25642
24721
20922
1813
22708
10807
20542
1380
19307
30556
11819
31695
5856
27429
10656
31038
29283
29545
32167
32489
864
25785
7715
7287
6383
6045
28676
5991
17830
27425
20925
8624
19377
20624
2040
25508
3877
17536
25224
23834
658
22798
11679
25036
16856
13675
17217
13566
20283
11928
20728
2145
9913
23917
9674
25142
7066
21984
7272
11958
13386
25476
30120
178
30820
28496
14133
17783
25871
29346
25221
28660
31629
7043
6156
24351
7697
1581
31408
916
11985
12235
26492
2175
9565
1663
21912
957
3631
15017
29305
28990
10371
13671
20053
32174
5737
22616
11482
25684
21272
27302
19999
25658
25477
22339
17371
4238
30004
8306
9941
72
24398
11402
16539
8461
14837
20470
32119
12627
32724
14465
15007
9671
28154
7633
17580
32235
5608
23344
6733
19460
21992
22163
18237
29747
11169
22740
27506
26338
5353
15171
17048
23137
29402
3677
16317
18385
9000
7643
4430
12098
17329
30191
8514
26392
21590
19914
26005
31411
11018
31585
5368
23631
28200
21617
5063
28200
2314
8384
11579
9954
20183
423
27873
21801
16284
29389
11338
18069
9119
18485
10500
21968
28912
19835
14026
9210
12096
27226
25080
332
19958
28786
5698
18684
8320
30280
7588
13409
29927
25487
2972
26968
30887
4774
26776
18406
24509
11105
12714
15135
513
6924
131
4422
25270
19885
28575
7989
22112
3210
3773
13055
15061
9707
31634
6613
30103
16929
29374
15654
11361
2503
27903
6922
27648
328
7333
7649
12644
15778
24390
5943
2295
22121
30642
25068
14382
14606
9257
28561
9565
16737
25804
17684
29135
15189
1618
10912
31254
12803
17660
4799
12448
12274
7115
31938
1675
21654
5104
22114
22202
25366
10372
8359
1833
11859
4729
23561
21629
1573
4305
32726
31712
2535
269
211
14091
1079
23529
11046
16036
13303
27206
21363
18123
9879
18024
9030
10736
1943
32097
1201
13799
2375
25805
28982
20286
19154
30912
10214
24270
24442
22013
3787
15760
23333
9321
17284
4786
2073
1471
7983
22506
10756
23684
12684
30731
29247
32574
30558
15318
2387
11233
20501
30994
20925
20362
30379
14303
18414
30319
460
16967
9110
30742
12089
21014
7714
13254
32366
20715
643
28988
24195
24208
27186
14750
29520
4487
19313
15541
13780
9701
15571
5718
29656
3684
4606
2081
29391
7091
13744
31599
14849
11792
25856
24453
18408
9497
12263
14350
14042
479
25342
28616
5353
28477
16009
17277
29448
9320
7861
22837
28527
21958
31006
22442
16192
10244
21396
4604
31594
22883
6175
7078
13517
5458
27200
22705
5024
9794
24954
24103
1552
31158
19729
14027
16938
10905
25874
24583
7931
1493
3219
4902
2294
15649
2364
11971
5526
15386
21511
21633
31300
21398
26435
3837
27258
12085
11743
5121
8489
18745
30693
30459
6488
20631
6213
24493
14862
13645
4052
6437
31091
20215
27028
3312
15154
20893
11318
32395
28193
1232
1245
6938
11556
28917
3877
12636
26447
30432
24164
9695
21322
1445
11312
30576
12794
25258
20513
26582
9309
14337
25815
7360
6326
23797
15935
19707
4843
3299
5395
19944
21547
76
2976
5422
9683
7207
28620
684
19347
11132
24151
1714
24781
22318
11105
30832
9533
20505
13357
12462
31967
24412
32292
15550
9997
20728
18205
15791
28904
27803
27355
18372
26362
28854
16855
22052
18970
17365
23872
9939
19343
20528
17473
4833
21624
15741
5762
14050
23659
32009
14321
32670
4956
23559
27074
28425
25280
4136
29876
11637
2547
29292
18583
15110
22999
23607
13579
21862
21439
23207
8074
26043
12171
11301
23209
2774
3348
15418
666
5037
21706
4516
758
32268
2971
25258
10681
19847
7703
17324
27535
20147
26322
9214
15694
6806
29706
3319
9923
28251
20618
22340
29361
11082
21454
19074
8215
4856
15720
23309
30898
5051
8099
31250
28867
14689
23909
11244
13330
5666
16218
22701
1075
14290
25678
2810
19464
32092
4315
4381
3207
24683
8773
13397
1725
1898
10402
31344
18195
13231
27710
9628
30161
24563
25149
26235
4320
8966
21634
29813
29396
10944
16592
82
19242
25403
13103
13576
27597
7743
8082
15057
4063
20222
32438
28801
32695
11778
12877
20247
13862
22883
29788
11154
27391
17725
21986
19206
9942
4193
4282
31982
17415
4427
12482
12228
251
12117
22589
13263
1958
23594
9078
8253
3668
16764
28583
3697
30118
30458
2328
8094
2007
21628
1163
149
15684
13441
18392
24539
10796
15068
1493
2559
31156
29610
12664
8234
6702
24199
11328
7416
32410
14850
13264
7046
6509
9038
21214
5325
29842
24122
22859
1838
2735
22882
8083
15437
17833
17063
6504
8483
18026
16350
31642
25679
23010
8133
31034
20141
16203
5947
23551
2602
9138
24240
31720
19159
30387
17370
23075
3644
31876
937
25390
25838
16693
126
7228
31332
20789
10392
16346
20230
23321
8398
3538
22663
7833
1924
21072
31861
19675
25560
26691
6414
15861
5404
15110
4182
8109
22153
2880
2406
386
11057
31497
23559
25073
17974
9550
23167
8433
17210
17526
28075
31680
17174
11333
14158
30177
16591
6913
11945
21350
12998
9684
27468
2155
19502
17522
4651
16867
29379
16379
6388
27543
15545
2339
21408
22379
2803
14736
73
27107
4982
17540
17723
28647
28701
6843
21837
451
1422
17815
11890
6002
22124
15738
9867
12828
5839
32627
14975
16093
5105
9758
21390
5832
17450
2501
30434
16428
4894
11211
4967
21781
15925
29003
25053
13078
21835
28924
2860
22598
13225
22616
2295
4489
1332
11261
29811
24081
11237
26451
14202
11300
6521
16239
21467
21279
29034
3383
13557
28347
1821
8903
16260
32655
3165
4116
5050
29910
1032
6863
13714
883
19720
28045
3937
28210
22917
16932
685
9041
26201
2904
31555
21311
18117
25015
14468
25763
6242
14273
16640
27040
29530
6476
13382
31319
27351
31271
28409
6318
29116
22526
13607
336
30612
13181
22231
3574
20935
9400
737
3300
17684
3787
15363
12726
17211
14013
9264
860
12538
16811
4651
27492
18491
24098
9557
19063
27276
7372
19396
13863
30671
15439
28308
17384
32051
27762
14466
1371
20579
19586
10934
6611
27389
10484
29665
30994
6725
15435
15752
23379
22299
30524
25504
25230
23082
5136
19034
26871
16483
31051
17984
6343
21418
12171
19073
12608
19406
28338
20873
7403
7103
1607
13269
15653
7931
9498
24838
3801
15178
17447
12084
3215
19115
14525
13444
29094
24974
12768
24317
17117
17731
9451
16023
16409
9907
28026
13717
9058
30030
9350
789
20782
24132
29394
23526
24034
19448
25222
1433
3222
31154
29722
10203
11032
28563
31350
18434
28468
31439
600
8933
14643
30230
18677
22769
24482
30291
1507
8313
26709
12185
3126
29262
21163
9818
1770
25744
22290
219
21633
10179
16334
3300
17900
23077
16119
19900
17583
9535
26049
9813
9281
22971
8449
29635
8881
32117
24300
11250
23695
32725
16929
21657
14346
2139
1514
26218
2902
4987
30654
28812
593
20908
10763
4170
1893
31932
17459
4365
13232
5990
5076
18567
2658
19238
17229
818
871
22604
22910
5369
10567
19536
26319
25140
20042
29285
883
29914
7391
12880
750
29170
1854
20859
212
843
23117
19013
10964
2413
30656
11677
27638
10703
31621
17103
23841
3403
20575
22941
7904
25294
30673
658
101
31316
2365
8595
6095
3092
11341
3767
12200
32759
4754
14681
11698
18767
13419
363
22243
10950
21801
15116
5294
30356
4720
4189
8068
7926
736
13713
12955
10971
10229
9028
11502
25312
14124
19214
17285
19070
32360
31319
10486
14722
26515
24429
20012
10686
24456
25811
8295
3327
9265
22237
26756
16191
15852
1913
12159
26907
10292
25680
19510
26247
28029
13070
32367
1472
14943
26621
15133
12930
11255
19161
3551
24956
23947
24032
13258
20481
31084
15144
21352
27648
20769
23605
30208
30774
16577
32715
9752
16546
24993
8705
22329
29497
20527
14999
31474
28892
2334
13705
26399
10887
8644
23012
29036
24267
24512
4825
25620
19326
29663
20240
12271
10161
23617
27199
32683
31202
12727
21754
4185
7795
25712
28365
29484
4699
11221
18056
7294
22044
11697
13530
25620
31989
8341
1313
23203
15448
28027
8321
6291
3998
5289
28467
27138
17402
23000
25632
31756
171
31638
26287
28490
8054
31209
3803
29592
26964
12341
26504
20764
2920
18015
11031
644
22579
15667
11832
17550
10507
6659
27903
16078
29641
30097
28219
10668
26819
29232
28931
5548
11514
23845
6289
14322
1172
32595
2644
24581
396
24856
12864
31443
2728
1394
8553
18165
20139
24678
15056
7733
30668
3234
8828
30797
13160
1121
8909
2802
25076
24975
31758
11025
821
26925
21065
21337
12979
26104
11615
29689
18539
5701
16215
28587
29124
12592
25847
27121
22212
18165
5265
19102
8068
158
12064
6809
28129
735
26516
7646
8053
30782
13417
20165
27590
1654
32638
7815
12988
13086
2085
7934
3929
31622
11126
31148
676
9186
1770
22527
19174
426
10533
8403
15129
17728
17682
12089
9886
1748
6965
26231
13614
6789
3389
18256
13075
28616
4057
27269
12696
14
28365
1179
3006
4257
5957
22239
9008
19407
23657
12712
27001
30027
27185
27612
2421
15824
23163
29621
17669
31239
8283
23749
23303
16555
15794
3896
2438
13291
30466
31834
45
31248
31104
31833
22274
10591
10091
14667
23889
11073
32413
19314
21733
23201
19808
27327
28030
24982
10626
22934
5248
6722
23980
27857
27881
30458
16623
21767
901
13734
11424
3342
4965
25195
1126
4542
28301
28040
1169
18168
24301
22654
19117
11751
5011
15988
19543
20614
28190
15321
12368
1635
17526
31051
15824
30370
27322
23992
22045
31556
6522
11203
11355
18858
1063
3689
12198
1108
13255
22756
23390
6639
31213
32207
25026
5519
4073
396
25793
17465
13884
27619
12556
21412
26703
31979
12144
20032
30820
10542
99
6264
10188
8456
30173
21300
3930
26448
24425
18339
27673
15162
23675
16439
9274
22908
10500
29425
6224
22704
6212
24798
5312
9466
12767
20194
30578
24298
9524
15284
24013
8612
1770
30506
28387
29758
3275
16055
5608
27241
15318
818
16617
14420
15503
15320
30650
15821
18842
27285
24369
19626
27784
13695
31889
11879
31985
14755
19785
11536
5571
31493
1759
9057
29913
5602
4903
22573
30928
5432
7352
10492
12566
4745
16288
18424
13379
731
12887
4362
12461
21763
31474
14912
27446
17699
1177
25458
8297
2418
10555
18725
31686
15419
896
7855
6489
10025
7424
21404
17810
21441
19634
18513
28496
1328
22951
13807
63
32583
13816
19834
3940
16068
26109
21051
8694
1747
26559
13154
28272
26580
11952
26864
21988
9055
1946
6100
1938
4485
30934
16724
697
27481
29374
431
27309
7856
25700
8705
24874
3876
2181
358
23272
26719
32440
6498
8815
26006
1259
8577
32045
12883
25872
5690
9926
18552
27412
10009
5803
28545
30481
20510
17390
16649
32708
8800
23381
22159
6465
32757
7085
1147
21477
20246
19552
18012
1933
26751
586
16500
24325
17685
9929
31350
14276
11979
29971
14222
10710
30918
25037
4002
19481
704
8409
11736
2220
2986
15727
22616
5541
6037
30831
9555
26114
27858
24821
324
9955
27736
23342
27253
7414
18791
2411
1477
30258
25707
19316
28842
25544
19747
18463
29810
4182
12290
13601
32462
18014
13014
20771
912
23288
1191
17433
11188
12483
9442
22991
30109
26401
9655
19140
10914
2468
28095
1852
19913
21443
15586
14481
26578
23762
30840
27850
21624
16433
686
8302
29939
5571
8491
6811
27585
20129
14068
20306
17830
18960
21901
15381
13298
14001
26978
29364
15362
5112
1381
18020
9
26591
4599
20241
1297
31964
25356
14069
6716
15376
31114
1642
17744
30657
29683
25084
22642
14858
29252
28355
5426
27601
28957
20720
200
26618
24609
30885
19869
20186
30624
12554
32270
11759
4468
9629
9324
20430
2344
20937
25671
18524
26464
3771
6380
4417
23668
13169
17708
19098
20063
31507
12383
29678
32216
9607
21673
12644
1726
1600
636
28979
16313
30038
23902
1369
15647
22236
5613
1424
31508
11374
1312
3454
29430
25865
3279
11052
8184
24351
24950
4537
14092
20715
8502
25680
5639
2819
23580
11607
11775
18732
29094
21993
27896
1393
26499
12679
27328
375
7579
29194
23832
31243
847
6108
5908
14589
12802
12904
6085
31025
4312
1231
27669
20723
26045
25309
26609
5771
30634
23099
31406
29457
9763
31718
8869
6019
6661
23007
17441
18453
29566
3365
26492
12744
6493
22496
8836
15934
3468
14303
12579
22989
27354
32068
320
24530
28670
14718
13792
8520
15321
6776
26001
14745
7932
1552
6152
9651
9834
2507
18185
20831
17311
29383
26247
3790
13777
8689
14349
11381
6261
28791
27996
7452
15109
14465
24150
26161
9729
22044
22042
18529
28980
13430
15217
22122
20280
15185
6249
28202
29244
12466
17727
18428
11781
25305
14978
4165
31539
11894
20086
16202
16326
13594
25015
9029
224
22508
16158
20663
25036
19101
13032
27903
5184
21150
7445
1836
7647
1680
783
29456
5890
8700
25740
23189
18104
16708
22453
31061
16396
6617
12424
13924
25734
687
14203
4208
28660
24814
13154
4109
29033
19691
19090
13386
21895
854
32583
3464
26106
30389
19267
31372
25157
5392
7864
15314
5569
5614
18024
20772
3810
25729
32011
21868
23485
31262
11249
19655
28615
15600
7912
6362
5856
14060
12128
1897
6544
14599
10957
12069
30352
16039
30797
3782
21900
9560
16779
8794
5927
3265
8931
25309
9792
29398
9927
25609
28275
24655
4193
1135
7139
14680
14713
25543
2103
1674
1946
4997
30947
18970
15472
13741
4777
13648
9589
32231
9823
21051
28365
18646
15090
30116
7533
15782
30891
3392
29827
11748
22961
7721
18962
10131
17360
1935
3805
28028
28536
23979
3463
18885
16393
28917
9464
28357
29005
21911
515
23063
15942
32545
7237
28141
25899
17534
31312
13479
11437
24615
265
677
20094
16534
21070
27225
27412
15614
32476
13984
27307
569
3952
24402
28553
19458
10541
11287
15749
15972
20798
31101
15050
29554
5052
21576
28121
4409
4562
24330
7373
31731
15135
13811
29155
30846
13915
17641
18745
21260
15678
17371
3030
24091
28573
19795
15339
23976
25047
17227
5720
12959
27247
30274
28018
23191
29434
17039
8452
6076
20540
6132
22420
21772
25998
8054
23783
6855
6018
29548
18887
10016
20938
7639
22787
32569
9302
20721
3512
3150
15293
3593
3791
6449
14558
11917
23495
17398
11207
873
16052
14319
13782
32399
8072
17371
5917
6871
7314
8282
11019
30218
3140
31396
6217
20793
19513
6011
14307
27476
375
8798
30632
27128
11761
32000
15315
17543
16208
8952
1003
25982
31474
30138
22247
30211
27443
1222
14998
1982
12780
9759
14910
4330
25658
29439
16516
28332
21377
31945
18571
24995
26544
20031
10848
14528
28358
3317
1686
7768
1429
20229
5421
15223
32197
30981
23481
9592
25885
14390
3775
18898
4606
27902
8803
19509
22832
6553
20032
2774
20706
10507
2200
15623
17643
8793
15533
24586
16470
7160
16494
26151
20510
902
19798
23548
25398
3512
146
30741
27596
25236
9826
18620
9679
23008
21697
29714
9903
23514
6472
15967
6756
14889
15952
19111
20913
5396
27479
18814
1450
8434
9381
2588
29812
24545
28206
8628
15180
9147
5563
7426
4554
27718
26693
28708
19047
30123
22177
6314
15422
2858
19811
9712
31247
29195
17404
7084
31369
216
18213
25283
5577
14025
641
15457
31774
26496
3453
27464
2575
20214
32636
1896
7583
8630
3889
12208
20687
27977
16715
3621
15717
23793
27224
25137
11756
13978
2019
1341
24572
9229
13536
7554
15291
7271
15691
29467
9380
457
5387
7007
18311
18258
13852
28271
2513
13130
10733
31499
32270
4512
16903
27818
428
27287
17392
6089
26626
4540
3151
8323
22161
8475
27984
28514
13961
13490
19530
26741
24463
31270
17056
6306
24509
26805
17893
19774
1258
13676
6979
18907
2860
22426
6685
4193
5276
12676
499
28513
20057
12634
26502
19109
26320
32362
32061
21004
14650
1684
15048
6805
21093
32766
10243
19897
12984
13065
20253
25342
29042
8323
6649
6089
9522
22558
7892
6515
13756
4896
8233
5536
31482
26461
17361
9420
19777
9826
17775
17191
27350
15604
10251
19363
22193
9913
11005
10571
5248
18996
1549
13014
26095
20727
12504
25724
27943
20499
14710
27656
22676
21716
28249
15151
31724
10667
24440
5152
31341
26476
31405
17500
26214
9913
18268
456
31224
26046
1366
7680
19742
30240
13053
1007
11499
1839
16040
13213
30739
8291
26441
12359
9389
8198
4173
5301
21303
4654
3267
16840
4827
29678
9665
23379
15088
14029
24579
1835
32196
6263
17622
8834
6297
8883
12852
24944
17645
26517
30257
3283
20223
19957
14742
21081
30094
544
32203
23259
30436
24268
12794
6893
28435
25170
9073
4531
27519
1047
19784
27126
22428
32331
19268
12662
9977
24535
29692
6786
24702
31376
24122
31687
28402
433
21924
614
23231
27784
668
19017
20730
29039
18788
20662
7070
11518
9350
29988
28440
18815
32371
31822
12553
15010
20074
18823
7239
24947
31899
16973
26149
11400
20877
4128
18676
2175
29885
13461
6089
13480
16008
9126
16257
20478
24906
22604
22787
12892
11720
5968
12485
26093
30411
21597
26514
21733
22542
27995
4234
32622
25690
12280
28778
19941
32496
23943
16909
21319
25639
8462
9267
5094
9558
11162
5250
9313
7156
27350
7114
13522
6142
3548
3981
23625
19865
19531
3263
14458
17913
9114
4042
13746
22401
32428
19925
4880
26924
31652
13126
30449
1323
17402
11141
10156
32464
10959
5635
15488
12202
1405
3196
23242
4082
29299
24185
21371
11813
576
26136
13514
18931
30445
6671
9254
5720
3472
239
5231
26377
1566
27046
11365
19729
23937
3400
29025
26300
28138
32271
2627
26292
26985
1952
11947
5738
25275
25743
5740
22455
22627
27942
32061
27076
30204
9058
3762
29991
32717
16447
20075
9038
7326
9781
20620
17697
29130
23811
22124
19683
17814
31403
9106
8025
7105
7614
7901
47
92
23769
5122
7575
29916
20336
10556
32563
13166
5066
23870
23605
15498
30285
8557
7365
25291
7676
25676
2723
18686
25150
8247
29965
1657
11745
16981
19427
26030
4958
32200
30217
28927
30303
24358
26381
16852
28286
13357
14345
17899
18256
7090
18379
28400
16802
20955
9780
78
31234
3214
20190
28484
6274
31785
30465
2363
11704
17524
29336
21591
24841
468
29887
24140
21544
11969
12128
28019
24537
32121
5646
18461
3579
31222
18481
1575
29893
2078
26212
8398
22352
4667
22299
13509
12117
31658
16009
10885
1081
11223
11713
14565
13126
17769
19739
30186
3388
23993
1497
27104
27912
18569
28426
22697
11219
19443
431
13654
5694
20639
22557
29684
18156
25145
31906
11688
2626
5154
2923
19199
12138
7782
11173
10367
27294
18159
9187
27010
11427
27384
3520
27972
5011
15556
27845
6714
22752
2447
11405
29605
24726
7109
18982
11624
19936
3442
11451
12822
16590
7929
29040
20304
8533
26122
11918
31822
7064
26830
29152
28347
12645
31076
32349
29126
1283
26001
3334
13174
16683
20147
5394
31805
16980
15863
24393
1233
25908
18636
26798
24119
7811
22936
22624
8224
16386
28841
3266
20857
3772
29038
986
16190
3723
20455
8951
13711
9951
12890
8599
20229
1211
23368
7047
20038
24064
28575
3660
13783
31214
27953
17858
4658
8936
25957
31747
10777
25975
20524
12426
2345
16530
2871
31385
6322
11037
22888
23255
15046
4783
30342
20542
7056
14232
4916
13364
11495
2595
19748
8696
35
27928
30600
27968
29232
389
18377
27681
24033
24510
14972
6190
18566
24995
17554
19172
15552
25121
9422
6470
18324
5628
27005
4804
19391
25035
32353
26465
8009
20804
22254
14613
10077
5049
2233
7280
26200
8675
27181
3201
12320
28895
2431
22006
30903
22134
4069
15748
28944
673
25859
25994
26145
12876
9894
14065
5689
32603
18613
20822
28820
29163
29029
18027
29485
14042
26027
9370
6867
8073
6647
5356
6527
20192
15135
4138
18149
14227
17305
28482
32585
20388
28910
23275
25748
7466
11627
24204
13735
80
16922
8794
12271
24224
25841
4289
12089
4994
30536
27398
32712
18943
2193
4394
5797
9163
28995
273
9271
20867
6679
20708
13587
51
17271
10419
21781
16411
24883
32607
26800
18611
24183
7863
12418
15852
24058
13025
11052
23225
19063
26876
18784
9422
19297
24835
10300
3495
29139
30452
17878
9421
12742
10034
25624
16213
31622
4648
3534
14505
2407
25392
29181
12427
13747
7859
2422
27222
27880
7057
15020
12679
4128
11203
28611
26493
23505
14399
21225
7805
9910
21531
9449
26105
3341
2806
25085
11282
23555
28308
10468
22619
20845
10184
6197
992
952
3735
5619
29287
1571
3482
13665
12533
7467
21668
12056
32148
5959
7845
8022
23636
7638
3790
32409
32144
4694
26870
2157
22898
19414
10557
1154
9401
18606
16111
9729
698
10349
28331
29984
6309
531
8132
30453
26122
27265
6375
1927
1692
16173
28670
6699
16692
2330
12629
21518
2073
3080
507
13582
20094
21992
16748
17102
22348
25234
28268
27145
24866
10170
21302
2598
21402
7456
15574
24333
20943
5384
16852
15674
22044
30954
23570
21519
15142
15978
23031
27247
22044
10378
27341
18824
1597
10527
19048
18928
23963
30338
20489
14068
18207
10631
25730
31789
19918
30643
9114
20820
26954
23977
11442
22614
29596
19942
26281
25003
11312
14254
15102
19172
27681
31302
3124
11140
28600
6244
27515
17425
22831
16356
20876
25451
20666
31164
24277
13916
26056
5682
26326
13679
5509
10573
19147
9478
6820
11145
26507
23463
27229
4814
6832
17047
689
30627
8952
17578
28149
6816
24555
8025
8078
24097
13502
18965
3578
2114
4728
26587
11792
24839
27987
30473
13192
218
8549
13168
15037
25403
2687
24234
16306
4531
21334
25261
1619
31497
16352
673
22526
19129
30465
3567
14914
21666
3943
18843
743
26879
25523
979
27950
9368
29145
1480
5209
4410
18889
22460
30574
10852
20303
2908
27193
6723
21303
81
6032
17120
18358
22290
30939
26521
5125
1532
26323
2766
19279
17572
10121
21468
19149
16748
7594
4431
816
21844
32002
11091
28991
10771
10304
6764
2497
1639
7161
13927
7325
13481
2799
29073
29504
14244
3986
21542
11839
16807
5831
19468
9789
8665
26601
9409
21520
7117
28173
15251
1055
23894
9867
17423
22798
1693
22714
12475
24990
30832
31482
5128
17870
23773
26872
3458
20295
7680
20269
5962
20726
16153
28584
18374
12795
19425
9230
23447
8130
21023
16607
7115
11119
6518
15866
29780
22144
3457
18532
20153
21165
3618
8517
1292
30995
6678
28211
284
15506
1997
24243
23531
7028
16505
19197
4451
21583
12646
12288
7236
25132
26505
11430
3681
1000
2395
25689
30988
21211
8936
27334
14799
11448
30754
7393
32605
29876
20860
2857
6855
28651
30388
22829
28915
16639
19440
13903
8267
18178
17677
21448
11954
25494
9012
31724
21436
27730
12462
11951
13086
19304
28409
26473
7011
4997
27419
28630
7393
2809
11318
25697
3308
29208
28765
19874
18761
2272
11174
29477
20453
6108
32128
19309
32455
71
4167
11576
4164
6005
5910
9733
10098
20847
24029
6612
223
32478
8115
4141
7042
8746
5997
21091
28145
8162
32367
16154
31701
20063
28098
30471
24475
10404
21863
18167
7277
10377
32235
29459
19553
3097
18492
18274
32496
2616
8123
4495
23465
14985
21138
26605
23846
13454
17480
25016
14400
10769
11923
9374
17279
195
25709
27517
29396
12068
19305
27247
15243
24738
32584
13316
29819
9477
21447
974
1664
12042
10428
4643
299
26190
17505
21790
26551
20590
10224
21223
19007
5485
4720
26932
32559
9046
9678
11792
4345
13602
25135
19932
13321
16603
27525
2707
22778
4354
19808
16466
12042
3375
12552
4887
10955
30199
14792
10696
25884
6162
31628
6776
26200
15037
16303
27623
12749
19806
3086
20551
9584
6247
8289
32070
462
30076
24011
17736
11846
21208
19631
22004
3446
1517
13510
16371
30195
12618
31598
11252
9021
16834
15429
24820
13042
18123
20471
32700
577
10788
13652
6059
32674
2747
4262
30901
17604
16077
13633
26284
3271
16719
27995
4542
23212
3725
29726
30784
25610
13329
22012
5546
5122
6086
11075
738
14964
14941
24817
27581
15219
30960
969
32195
21239
4581
16806
13362
16594
28950
5392
9542
28902
1838
20237
13496
29588
12374
29497
20356
23160
28178
6681
5360
19795
30821
19885
4298
27464
27196
5188
27377
19532
3338
7572
12311
14040
1967
17930
6084
24032
29854
25695
27550
15113
9023
5484
29673
22807
2194
31295
3402
8868
8982
7278
19408
2328
21993
27819
20276
6101
32560
3993
11360
18354
19897
27871
4143
9899
6623
13434
32628
10199
17838
20055
22589
12186
26696
26657
30809
12315
18567
5464
11543
27128
27364
13731
20561
9529
13976
5479
13993
30339
30209
31896
21267
25742
13894
8143
13204
473
19006
10141
15177
20125
29838
16928
15786
30463
32018
29395
24336
16777
13695
5290
24181
16859
12614
16991
11387
9118
13499
6406
29616
8634
8054
2280
30225
32201
22009
10382
25549
3019
28308
15900
3915
9755
9606
29409
8813
7586
23653
25899
14615
31306
10432
3168
1259
8117
13826
9034
24151
10800
32409
3251
26322
6114
8280
26162
8290
4681
20506
15684
7778
27624
12457
6814
13186
9785
4318
22466
16655
5097
21769
29393
2933
27460
3986
21664
14338
23791
3297
15629
22508
725
22140
18836
9366
15203
29039
18973
20751
17656
23537
22552
5339
11671
3652
25548
21495
27360
733
11244
2071
11838
2501
21356
20274
18785
27455
2450
17216
14063
7595
30800
32579
7030
4778
27857
30084
21158
24451
28242
31519
23741
17606
14131
11457
16450
22831
17486
4273
13302
23500
28295
6669
9480
29026
17060
29015
28040
20750
2912
9776
20254
9256
16826
11874
1532
7532
22419
22052
2065
2908
4216
1434
17535
27104
23741
32668
30544
14128
27339
32184
25956
4083
25274
19834
5294
22185
35
21226
21665
27206
32303
5207
10980
12319
2548
13139
30797
29962
12034
30463
27149
27073
29240
19337
2856
16008
3805
23282
2601
8720
2540
8981
1811
10138
4014
11493
32154
22623
20366
18678
8083
29744
18986
30015
13226
9562
17830
20510
19539
11212
23621
15516
27395
17276
22842
7155
25503
18950
22459
16461
5173
26518
22616
31951
17642
16137
16523
30422
17459
26959
30864
7296
4936
16404
7030
25711
14038
15263
28023
15049
32756
26618
3205
16259
24921
13651
3877
14816
9420
10146
1408
25908
5339
10636
4279
31470
28368
1671
1144
7637
12513
20544
18127
2706
6311
13114
25150
12655
26066
32439
32271
7518
13594
25563
12521
19517
1913
12303
24994
23640
18839
1700
10836
13104
28550
23992
29107
379
30895
16990
11933
18539
28684
10233
2547
17459
15512
18153
21160
24520
22020
20074
30743
5604
12716
28088
32410
25425
31689
30840
8792
11876
28904
10835
7262
18376
27547
19940
15858
26748
31342
19156
22051
20767
4636
24387
5541
28268
12291
2154
25820
9985
214
24191
24631
13924
24466
26585
28351
14663
16563
10069
9968
20235
23975
27128
30151
29828
13443
6102
15388
31740
12277
3122
22066
18042
2937
14566
16781
8772
18384
6406
21763
29346
17327
14016
16150
1253
19636
18566
16001
13992
15517
10608
18705
20822
30396
12507
5302
16108
22950
11607
14042
31744
31020
1728
19953
27395
13452
19370
26962
27843
31976
11778
9029
25139
24566
13043
8541
31599
11002
6663
28424
30715
14833
16271
26212
15435
18191
32324
6996
24713
20076
21550
31956
7314
23035
20165
8329
13634
18875
599
27804
20209
27697
4265
5065
18749
31509
737
6067
2058
20556
31395
17787
19912
26390
32379
24720
2805
32137
25979
28617
18146
27198
9765
24753
1465
31306
3211
29986
20415
27503
7092
12053
15831
22164
7746
11960
12104
7795
10834
14017
3263
13970
7332
19202
15512
22132
20220
7486
11353
27920
3527
15420
4991
26754
4354
14617
21374
9729
31832
14050
6403
7697
10890
6243
8828
8441
18452
16441
20442
14200
270
5935
24469
31668
18000
19655
31985
32371
28121
1558
897
3213
12914
28373
7145
26786
22158
24758
5607
19720
28277
5364
9109
18951
5537
5166
23016
21577
4968
22645
6781
6028
13020
21924
19093
24986
20976
23535
31582
14715
27612
2239
26484
30441
8898
14782
27047
28164
3217
13869
20735
839
18218
638
13821
15291
6081
4639
13604
7530
6534
19348
12984
29719
16261
4808
3014
20012
11723
19877
22628
17908
11723
5858
9018
27402
16896
4892
14913
24594
7379
7209
31947
166
32446
13993
19140
9107
16306
1501
31031
19782
1974
12733
28691
26241
31442
29508
21808
19283
23595
15119
26765
17990
27759
9766
30172
19418
1907
13594
32576
2610
17691
31056
1365
8462
8571
11420
4209
5625
28731
26385
24361
22724
8000
26392
24087
27698
3208
8128
19675
1781
29526
341
13408
16601
13456
12340
4705
8256
32357
7645
24107
7118
5938
14410
19108
25701
20391
9088
27020
2900
24614
12643
5123
22731
13675
3022
15435
26259
28786
17635
3280
21243
7573
16800
30821
8214
26358
12979
8145
4899
17948
3984
12426
10317
30945
18368
8384
28309
15755
7804
27805
24588
6713
25722
14540
2629
13185
1031
32312
6922
30295
4950
8982
9550
6448
24856
9509
12899
14440
12108
14644
29549
4577
4185
998
10007
9198
6746
20402
1924
13167
25785
25645
21641
32061
1023
25228
19993
5832
30698
19300
13056
16894
16321
4533
6100
14447
2276
24359
10793
12719
11175
28051
13317
10492
27232
6597
29588
9761
9919
4993
6940
3482
350
20163
3378
15353
6041
6731
10543
28809
21408
32601
15326
19248
714
20150
26743
24986
9773
32499
7633
12179
12651
16373
27603
26293
11214
26546
19756
24900
26520
7221
14659
15446
17300
24296
4721
23863
10993
23826
17519
26123
18256
10655
9994
23989
6428
17440
31006
3832
27162
4370
1985
25308
20033
10083
21951
14932
9931
5938
22343
2845
23436
3543
5603
17385
16003
31523
20653
15293
19887
7144
27841
12440
18211
3516
18926
6485
17245
20475
20401
20178
18900
22027
18019
20562
5072
3812
20657
10016
29054
1487
6477
11638
1348
109
2275
15516
18770
15868
6223
1620
4986
15318
4877
7542
2881
9018
24048
29144
17974
17487
5655
17264
32386
16998
7198
20669
6081
21888
24465
17506
26128
17680
32422
9749
27495
2
3627
21175
32554
30203
7613
16324
5114
5603
19515
3566
4049
5537
122
12037
27214
26405
6714
8986
1357
32428
12121
4324
29627
20031
10567
15715
8873
6781
22202
9922
6302
3227
17827
18050
16178
9641
31072
16085
27352
30487
20787
30536
5372
17527
13043
27813
31822
29316
19969
14360
8029
26468
2686
4496
17767
16426
30907
20840
2415
32671
21745
13639
7057
6722
29491
27717
11411
909
10144
11855
14268
8314
32477
25292
7913
17222
23235
6784
19677
5237
18260
24753
20953
3350
7156
10121
11884
26184
15574
21436
16525
8701
4276
11115
1767
4350
32451
11335
11892
31280
2278
3321
7757
18197
22049
28098
30145
22933
16721
31838
12452
28415
16411
3887
26089
13387
13859
31639
21620
28578
2174
11174
12841
25376
1385
14069
29001
19672
29755
721
28670
10264
24984
11676
17972
5103
31720
18801
9643
749
5127
10759
74
6186
5694
18904
26807
21897
3955
2690
24868
32574
4764
21613
3180
22670
4730
22958
30046
7638
899
43
24664
24527
23072
14080
23321
9232
14616
15138
32464
28373
25676
3906
6264
6654
19366
10997
11112
7515
16972
9489
550
11302
13849
23898
16765
19409
31565
26974
12751
18435
131
18589
12972
10205
32484
9197
3234
2177
31387
7197
5463
213
10120
27609
22998
29316
1593
24781
17191
27718
19734
28686
26914
354
29147
27061
1924
14961
26444
4045
18755
868
25380
5231
24095
15048
16462
17195
3706
17993
20823
22954
16745
20597
14116
21394
10507
5059
4064
11690
2330
22228
4665
25663
19391
32248
26828
12486
22699
22004
25053
19138
25187
31747
18252
12264
7643
1818
29380
14209
6215
22128
29238
29969
7982
10558
20614
11830
28352
25539
22148
26578
6761
9612
22557
20076
25510
5362
25043
32212
29464
996
23146
27654
10199
20967
27876
31569
28936
12122
20144
30649
26034
9727
13855
921
3789
2743
5399
14221
6044
15501
27659
31118
22589
21750
18730
20319
28287
11607
18391
12329
22771
24008
9306
6498
18502
6424
14293
27378
6861
2577
28793
20121
13922
5629
6649
11915
13423
10345
2623
32606
5192
27688
1631
24870
26558
5531
29641
23519
11761
8752
10690
15115
20581
12585
30485
19611
30296
22943
12293
1811
8787
8646
22663
23274
19968
31602
16046
13103
30779
27098
6503
26995
22891
13468
32614
12514
12819
19458
19040
15539
26532
17028
14971
9667
25494
32654
28163
21372
26806
3971
350
27644
21186
13569
27458
3955
29747
8039
26917
25293
1626
27284
4085
11666
24494
19442
21770
3850
25701
4276
9049
3748
25921
20827
20714
2968
24749
32383
2188
20428
23048
10956
31687
18933
15169
13899
28946
13054
29860
16098
582
8877
20211
31263
8019
22404
9145
23601
10545
13797
28635
12343
14618
17018
29808
1470
26615
7124
22994
6020
10776
14162
2293
3970
4903
25925
12024
19498
5727
24657
7930
2798
5881
27671
1583
7169
23783
18192
9779
865
16837
29628
2462
11029
10765
7421
26328
2739
7818
6589
9519
26662
6671
21463
14374
5550
24424
5685
17680
20776
27537
1590
18142
10384
22566
19538
9270
1988
16923
12288
27589
21387
2221
10967
10965
13781
30872
14068
4642
32581
14219
23709
23785
16876
985
17187
11843
2392
7281
18701
22705
21453
25872
26482
17400
12498
6837
25767
25903
10479
11350
6683
32022
21174
3025
20862
4265
14592
2853
32041
20469
30329
6626
20410
24363
10847
30430
30462
13811
10886
10794
32277
2306
5792
23364
6864
29167
12475
22414
27230
18754
7947
23807
24872
26319
31466
32025
29177
15426
20765
11291
12386
32250
30553
20599
29277
19995
23301
26246
13616
7646
11586
3195
18836
14636
4137
2710
2839
12396
10579
11162
9919
5273
15775
31104
13552
14743
14895
12909
10895
29383
20148
2530
25960
32217
31980
2610
22477
4065
16745
10810
6016
14509
14739
27468
21460
4182
27376
4972
30478
25366
4003
22463
30481
20313
3123
2880
6459
2583
29326
9653
11658
15712
13902
14050
1283
13625
30266
6652
10068
20134
32528
32096
3000
23816
27522
4741
22811
31145
1406
31279
29055
29078
19634
16614
19614
17837
18000
32679
26064
28918
31246
29913
16688
26935
16498
10626
19450
3522
17996
30395
7224
30866
27012
32610
21406
26006
21269
29198
10674
9293
29274
10056
24880
18323
15753
28664
11436
1979
23421
10269
18041
2781
6840
25025
16330
1905
22952
15405
19223
29981
17449
15193
1474
16332
2636
13222
1275
12544
29782
7631
10721
873
30732
26397
233
21686
13102
4571
12420
27051
28482
14858
15100
30836
4754
21078
6047
27961
8824
11592
26400
23794
15065
9916
18234
6781
7920
406
2454
8685
18253
19889
20975
20006
4381
27160
24436
3239
29355
30585
1390
934
22823
20182
5922
24162
5031
20606
19193
13237
28523
7996
22750
15080
26981
7118
22504
17100
6392
13464
7993
7942
14337
23962
11814
32683
27668
17568
24472
26381
13576
5560
27825
12756
9397
25577
691
25936
17404
2594
28702
14349
18696
6257
11545
2216
724
8565
17171
14050
7661
31766
22442
4851
9850
19827
24268
22305
27513
28444
14364
24464
10059
1410
15255
5212
4467
23212
31095
14821
15771
20779
12631
7018
27607
847
17561
17370
11822
25243
10245
14566
1879
27511
6322
27739
26304
16677
6186
22447
9685
17910
29641
30169
27262
958
23398
3942
4841
30853
19254
3274
3723
7039
19692
17140
18529
11839
21541
28197
1660
11815
14852
20225
25276
31267
7193
7655
16604
151
8840
18558
26030
2453
29031
11664
5032
29012
18791
19228
20640
26333
7095
4774
14548
776
5413
22482
813
19367
25735
3377
6853
30465
16473
17243
29094
898
28583
7742
28885
30640
23086
13493
10639
24161
25534
3677
11218
21291
5858
13220
9759
13085
25283
1058
12927
17836
28746
18221
29892
29168
21125
10919
28177
21521
5708
9243
10652
18172
29988
26632
9907
13914
12131
27517
9213
19650
20885
9190
12291
21037
26911
31014
8942
20139
27682
7654
26002
17749
22690
16940
10668
7043
20200
21551
30568
63
11044
17258
13351
26617
25175
31215
1662
28796
9840
32766
15234
16672
5557
32214
4419
15169
31077
4043
2710
3825
22428
8345
12312
2026
23670
15864
25199
9926
24183
7024
8659
23155
555
14191
28366
28129
16649
22169
10303
32253
22429
18783
2725
3043
24295
12243
13466
32591
5374
12218
21662
11605
6392
20707
25622
14163
7694
29624
5012
22051
23036
5651
19545
26005
12967
23123
27417
17436
28418
1198
6142
23239
28466
25289
24559
24947
12273
20869
29457
13120
7472
21788
11406
18241
30720
30574
18326
8568
21426
24725
26020
20481
28221
23999
18947
18573
26593
19005
28304
14866
7690
3799
21953
9921
11639
11107
15846
23097
24475
32406
6575
4090
1860
16409
29167
24092
4218
24799
5279
14401
18346
17847
13606
7880
7172
4125
25048
20035
24865
26966
29372
811
21481
956
21906
9683
26292
18006
23316
29339
6319
22187
27005
29286
23682
29912
14408
22350
21039
24033
31034
4502
22589
10309
4770
12511
14359
20181
20192
26015
29103
24005
9508
14032
27238
30212
32632
16357
816
6857
8705
2818
23027
32111
6017
23404
14897
15234
18209
31807
231
17178
5998
26463
30645
20839
17057
22704
27454
16270
16419
8586
210
4531
26448
20583
3915
31831
12156
223
32564
21477
12595
26583
30257
6791
19653
28661
20890
8254
6658
31319
13418
26930
1347
6020
11352
20039
15786
19618
12867
3056
22698
14570
2515
13128
20169
12122
17502
12639
13732
6313
27400
24785
23348
12672
5167
22942
9809
30951
26630
29493
24692
25342
22655
11474
19649
9197
4207
28682
12357
10013
24045
24997
12156
1705
7162
13483
9494
5903
24424
13249
22010
23340
27380
29878
9868
29799
11958
27226
13611
25388
22203
18575
32254
11164
11504
28322
27633
12930
21057
19419
31482
26249
4867
29266
20385
2477
23183
19461
26559
12016
2608
9768
18566
16462
14144
1724
19905
8434
5261
99
32349
16298
2818
30835
2601
11673
17795
4937
21722
3372
13336
15072
12882
27983
19022
29602
14370
25824
31962
29565
18509
611
17024
12090
14671
25592
7219
21002
16221
2955
26750
21346
31471
17227
1570
7945
20604
9821
2561
880
28036
8657
3130
23105
7892
469
20630
7994
23558
24360
20003
26940
11335
210
23070
31135
18525
1555
31254
21961
7656
27801
8527
7935
6119
18165
23909
7290
20607
14160
13873
11198
4088
602
17648
2855
15625
20100
18082
12997
8789
25455
11697
12138
11573
32164
30419
13312
2488
2693
17713
21792
16360
24708
2505
8929
13903
18322
14865
5358
15802
26074
23005
31964
2621
25776
23682
29370
15735
25028
8508
28649
26135
156
3789
3118
6303
12353
4711
4357
1385
31032
1484
22328
12263
26547
16564
8881
11054
26121
22895
28812
32694
7012
22731
27505
7771
8889
25912
31265
1192
11774
10538
7246
30293
27031
30911
2480
28686
13329
31394
18261
14199
32274
22575
10041
11372
26256
14552
26134
16269
26434
3271
23421
12794
9556
27332
28710
603
14943
1370
20101
11044
2456
31541
413
5655
30024
1743
30233
26890
2172
20812
4505
4074
26877
27810
21578
10240
9602
14588
14521
12403
13349
14689
17897
9230
13588
7056
1955
24644
19849
30511
24845
32113
12028
2085
28030
31843
7831
26693
25489
27929
4330
3116
11896
29386
11744
1900
12691
18730
20721
23530
27201
12008
22938
22660
25591
22907
24586
19191
12943
22046
8735
2304
26338
31769
15504
5314
12696
21571
1132
24680
10303
6597
5315
29963
24731
14368
25762
214
22077
27250
31045
4200
20055
24565
2185
30585
11727
2504
8096
11457
30098
30194
8712
7445
22827
23460
13502
14804
9108
15550
27055
18049
24140
16533
16239
10673
28329
11251
18733
17704
7536
6752
4839
6463
15523
23712
5594
14217
24474
8317
20797
18613
22869
17863
23342
10678
29969
1176
32237
25634
7449
18652
13640
1496
25567
26385
8278
7142
9035
3660
15208
21674
9811
7037
30269
3383
4300
12787
31349
19961
31104
15651
13896
31389
27264
16293
32632
14635
15292
4991
25220
21621
31696
32678
29215
7605
23329
18114
10976
4466
19753
4914
16187
17315
21519
25680
24496
22295
10875
24822
21314
1044
16296
13121
29739
29247
14779
20884
25806
27067
29267
22752
4333
8085
8545
23587
20252
8544
10810
19759
13942
9244
16106
25261
31886
14941
19915
8033
28585
13737
27991
24240
24874
14113
14907
2655
5197
13155
23468
23965
1304
28080
8702
22852
7055
11850
29555
19804
7976
14368
31569
7137
32382
16813
20279
6341
16201
29982
32432
11065
10894
15283
16649
5161
2323
22631
13664
32261
1046
5587
26878
14791
32318
2896
6119
19762
30930
15708
23470
13911
22825
7487
15502
2142
8802
11246
22711
17795
30549
17455
5606
6751
30920
20478
4408
24169
21479
27951
16704
32188
5358
17750
32343
12315
4649
7396
25907
8498
798
23954
18364
28190
6153
8195
8218
7216
9608
30884
14867
27886
14488
3032
1684
13147
9920
11602
19853
3705
28300
3777
12802
11531
31805
16819
15456
32415
9919
4275
24333
30156
30939
29621
10562
16313
6830
9141
7197
5342
28506
4506
22002
1807
15099
17504
2019
28854
25821
25206
27056
26976
10732
27237
8144
25467
21355
24243
18368
22365
17897
26887
7835
8073
31857
14477
30187
27182
17410
8092
27326
25585
19262
13463
4861
32748
23142
31249
5370
247
18310
21044
23880
10278
31469
16739
26319
11411
6112
17438
18719
24669
7568
15398
261
9968
5193
14562
10076
8327
6891
7938
2598
12016
26782
29538
23516
14223
5826
19761
27906
18086
18213
13138
9213
30676
31353
26882
10025
18395
11013
28092
27943
13222
32666
13401
10100
18570
10953
21884
15168
2508
19027
16685
15485
20323
23265
13252
7990
512
5109
29193
4898
22604
16417
4249
15737
31088
25975
19084
17670
10459
21056
11092
25726
24383
25073
4072
30480
29917
3674
17187
13117
16643
8481
14694
2026
21203
6511
12165
20403
10053
6633
12513
20099
112
29410
18641
11617
16901
7374
25415
26765
30492
14074
8368
25548
25907
24187
8475
6400
20595
29029
2718
5371
21814
4669
20213
13973
31431
32688
29805
25596
25448
5252
26113
10828
15770
976
3778
31584
23192
9576
17532
32231
3621
26268
17814
9146
15239
13090
20026
31341
13268
27216
2230
27171
18796
13454
23842
22183
15559
19724
25667
22201
26225
5040
432
30118
16978
31571
26931
13084
16435
10284
4978
13627
32126
21132
26063
24815
19525
16844
4492
19582
11142
29572
28211
16477
5294
17150
21301
14920
16987
9451
13521
9873
21606
19284
2103
17337
29985
17875
13038
25661
25565
29186
2419
690
2224
20532
8483
23572
30069
4195
31066
1116
30739
27498
16349
10576
8707
7284
13429
30623
26892
3765
28637
22061
17745
4952
4574
27564
28814
13240
6841
8812
10911
29650
29637
7796
10050
6395
27481
22993
2333
18638
10220
23342
3587
5225
22139
15013
20595
17369
6188
26837
16993
30162
29488
27701
17721
26531
19181
2215
802
31082
9053
1361
28032
17028
13233
1192
1212
19016
3131
8909
19783
14581
21386
19997
5596
5352
24279
3588
29446
24595
10656
11281
5091
10666
28818
29520
21543
26655
29612
31188
12131
12113
9122
10387
31112
5889
15999
30071
167
25989
8079
945
31738
21184
18044
7761
27688
30545
22967
16659
20677
15371
10265
9084
22296
23973
28107
31270
26146
22707
24675
25177
11227
20949
17999
11226
4031
20015
7543
29960
11913
20505
5406
19748
17215
11287
24329
20721
8558
10763
7140
30077
9399
18089
26337
30014
14730
10540
17570
4960
25394
8519
31065
10590
25362
16735
2606
13008
25902
26871
28129
19332
21997
21356
12464
21455
17693
32482
3963
12069
31287
32638
20006
20712
7652
4822
19775
2942
7361
1957
8928
21926
10079
19908
15063
31244
29583
16981
16901
25883
8924
3137
24836
1298
29272
7398
2573
28762
6044
10505
24088
17943
28426
11794
27972
31997
24405
22392
22138
5220
5700
22650
2637
23455
690
3600
13605
17290
12250
32033
5277
28259
26065
246
15401
29147
13140
15855
3324
32620
17604
11380
25897
26348
11375
20527
18952
10083
17
28536
4571
538
28571
24337
20657
17396
14642
13844
3211
14593
7803
32297
31934
32337
16150
13308
22680
9734
31848
11247
31046
25005
19102
12044
21237
9935
4846
25661
2360
450
2848
22975
8874
2757
9806
17108
8148
12621
744
15800
31057
20889
31226
13783
18735
18572
13234
13885
9113
31164
25885
16462
25267
31687
6961
31415
27078
24294
14096
19620
9117
16836
32651
14644
16431
10384
27621
3881
30078
19024
3034
16613
18366
18553
12512
30866
7354
1213
15533
15520
7796
2341
14585
14452
12555
13919
7301
32094
32738
11353
24924
20428
26111
8463
20569
21694
13745
6561
9705
13178
9078
14760
29714
32641
22555
7370
26037
32449
28197
28300
18192
8204
24176
13416
30598
13769
8214
32288
10403
18666
32658
28753
3675
6174
28966
23883
25746
5959
25210
24608
28130
814
20357
11771
20376
23925
7856
4531
28415
25806
2105
17824
13282
23915
3286
8110
21580
15798
16284
17327
3474
4929
26398
20470
28307
13312
14809
14369
5951
4022
14800
16950
4438
13741
29555
23026
9842
25258
9157
11869
22344
11040
2494
19874
22571
5540
26350
13086
14034
14753
29540
31671
3418
13901
18638
13423
26254
5595
2274
30520
14183
28915
17148
18955
4559
26207
23816
29748
29866
15111
930
15856
23831
13855
25980
20025
31987
3487
15872
6881
15008
30451
29495
7902
24068
12276
19178
19173
3796
5144
31495
25658
2066
4581
6469
17862
9428
5292
11787
14186
10824
13939
28303
20371
29429
20019
25147
4878
24387
11844
30548
18206
12094
10005
19165
10700
10647
8736
10169
1151
13291
26909
273
19660
16456
28022
27637
18319
13294
9212
23622
25147
11090
18648
10451
13934
16233
8132
6850
27593
12322
1147
3122
27646
6197
24429
23070
7466
3611
21176
11652
5734
22109
13140
24519
664
2834
8845
32339
9616
23715
23479
12671
14160
20434
2589
2743
2474
7419
15162
32218
11281
5273
16684
2529
425
11531
6501
21698
32160
7577
11172
16019
31169
10930
29987
12275
23366
1911
29714
10150
31214
28798
26437
19327
32080
25551
13866
131
9327
6707
5373
20043
11150
9647
14655
4522
17478
22859
12900
17040
21461
24087
15052
20782
27577
6512
5364
24155
12414
18560
18670
21303
8916
29956
22030
7182
32484
10066
11495
2687
9700
31130
1397
8925
17897
28780
26012
22741
13309
15482
27601
32593
11378
18848
12824
28573
28022
16161
23854
11208
24551
21812
11271
78
17000
9151
7035
26867
2740
20066
29244
15602
28978
12727
18699
26199
23242
30168
25387
10410
5368
10786
27414
15053
6174
20025
26480
14375
17439
27724
31801
11523
19241
10395
19526
16946
16082
27190
3826
19448
29543
263
11793
16422
11648
27922
37
22403
19928
11004
29397
24176
28508
10698
14746
30924
11138
19948
21692
23830
30940
9594
1149
19153
22509
12733
31891
16429
16955
27121
27612
13027
4005
23369
11342
20577
17911
2612
12077
2343
1724
30943
31104
27505
3924
30459
17605
4374
32582
7872
6116
9392
22743
9010
27746
16893
28635
21411
13271
13701
15051
30841
20898
24445
14872
27953
23771
15852
27071
7076
16009
25100
28958
15497
21
21747
1285
316
24063
12146
12305
2750
29392
26942
30005
20988
3664
9037
154
25940
3320
29059
23209
8021
17322
26510
20838
15046
21408
27919
3071
26602
31395
7418
31908
18179
13181
13375
9370
27669
15024
21418
24203
20460
19304
6407
8993
21088
10415
21387
31699
12760
18144
22383
6142
7181
10590
13534
14391
15377
18565
22033
25568
27023
5089
18617
7417
23892
25758
13981
1593
3854
29760
20868
12125
8276
11157
13909
31681
30951
24039
2941
22317
30776
17525
24209
11505
24618
20005
1332
21812
23832
6003
1340
27785
20250
7853
18448
18883
14468
2146
7508
1547
30128
2072
20681
19247
8702
16701
22382
23613
19992
13408
22508
3153
27515
3233
4656
6059
4403
24934
27226
4868
32229
16464
6870
25890
31507
4974
20936
32427
1436
14256
15790
17463
24450
22430
19777
24232
28400
24137
9883
26046
3708
5762
6559
6374
12969
19019
4502
6739
2224
30347
18966
24656
29312
26374
19240
20693
1027
20107
28841
15192
26019
12143
241
9445
16397
10299
5811
6769
5428
30882
25124
32108
10905
21174
1376
32405
26827
19547
4105
15122
21545
1275
24113
12224
751
21371
24186
30408
13425
4206
891
883
28065
20617
25702
20543
16087
9047
20712
13106
5842
10798
23633
19566
18170
7010
9205
17158
7399
1464
21714
17424
13607
26654
13427
30715
27452
29081
12564
25123
2789
32126
15622
24227
9887
8165
31061
12906
14186
22107
29609
24978
27088
12503
31594
16365
15396
1776
21031
28640
21000
3404
15161
17268
8497
24412
11939
13226
23407
20806
13117
25103
14823
7715
9234
22673
3491
18027
25862
31633
14670
12973
19132
25145
30776
28292
14774
2320
5793
4038
16574
4811
32563
7678
12933
2919
16848
3613
651
24948
30606
9836
26942
2484
10240
24261
4966
228
5048
4355
24768
8154
2057
3511
30185
30160
8210
26909
9598
7424
5879
5198
29826
15729
3954
5814
15872
12816
29835
31689
14833
1026
22435
18674
27487
12345
28599
4044
14795
27461
7651
28821
14797
22381
6949
8416
26874
24831
13156
19081
24842
13540
12721
22254
17979
1399
25036
31324
29936
4504
19178
5064
12958
8699
1973
13504
26088
28870
24469
26017
6665
12124
1326
31241
20851
7795
7722
2447
27573
27757
30776
24754
8866
19941
3924
32272
25264
1160
18762
28633
670
18470
2677
9602
7770
17928
1997
2494
6433
10885
31265
30890
2792
26832
5792
26183
7419
13588
28830
18734
6628
25795
10389
7551
13454
10539
3178
5147
19114
22602
3314
16915
9810
14307
11445
25696
748
32465
19442
3028
22866
156
30179
17744
14128
14154
4929
4664
9645
8055
9739
17700
25421
6824
29316
5848
29973
19421
14715
1911
21233
8805
26574
24563
13140
1782
24369
26568
14878
24317
15404
8938
3778
23091
15715
11259
7592
15985
12314
32450
2256
9669
1528
18137
3001
25285
30731
1701
22145
32547
23309
10891
9293
2178
2278
23649
4331
8072
881
11043
29110
32053
13443
23272
13754
25203
28458
28948
4377
9710
5682
20686
30638
21541
3054
31669
10991
5570
20277
19150
24344
20518
27050
13249
15238
13385
4928
28230
14944
12225
12030
3546
11133
29728
1280
25526
24194
2179
23999
15617
14411
6504
25234
20805
14221
31424
26484
29984
11449
4166
519
25916
10531
4110
4569
15744
26979
21345
7654
28808
16123
10696
11103
21331
15675
25191
29098
4412
11618
32652
4010
7212
3590
18568
9792
27917
8630
11710
31762
10370
20701
13049
3723
31701
25321
21507
13347
17969
21165
6003
13280
25105
16900
17350
30236
8952
20664
27313
12938
23395
23202
16054
16244
32507
24850
26358
26182
13584
9073
17734
24912
28483
11044
25220
26312
22658
20148
29996
25870
12346
28716
13862
21556
26055
31427
30690
16574
2096
25531
13223
29606
24081
12937
296
23460
14808
21558
11353
7084
24116
15877
23936
25271
1739
9046
1935
28870
26924
17098
4273
27940
16900
3752
26915
29164
17044
13440
1093
28876
29282
18446
26609
21768
22831
5472
17931
1730
1322
24123
21593
13176
16739
1724
22165
32718
4226
30011
3777
1678
16313
10612
1979
18669
9719
20201
28177
29712
25439
20098
27414
8142
13560
9079
13878
27320
12454
30575
20614
5974
32089
18922
7839
3764
23428
9948
21677
27677
4561
12442
26819
30247
4627
250
32626
10480
27259
9654
1689
13734
22288
15378
29310
6989
1881
28607
20766
15548
27740
24830
10178
6121
8909
13833
20179
615
19839
23470
16367
3885
29726
14653
2620
409
14880
23460
24829
29109
505
23513
30819
1464
20622
1144
9381
25808
1261
31406
28499
18206
14395
28245
5863
18178
23021
5472
11421
22426
23612
30330
17540
1157
1234
18154
27605
24301
13770
24506
22916
15300
17111
3608
3350
10061
9923
17148
20402
12767
11548
26123
19322
31206
25642
20412
11548
5930
27427
11961
931
19284
28834
23688
21140
7086
30038
25962
2614
14378
9975
18307
23089
21414
26495
11580
4698
20846
21654
9958
1486
27650
25422
10144
9278
14618
25616
18810
15753
12008
727
7386
9104
3741
6043
1823
7750
22574
23313
29829
26118
11096
21393
24904
6186
14818
3671
32269
23001
12066
30959
29565
7456
12482
28395
2355
15428
23748
20439
13272
24407
26820
12655
20108
24586
18045
527
904
8130
29071
12138
10242
1006
19072
9599
3921
3223
8960
14793
6482
14648
24433
22198
10
12241
20902
31579
10381
23095
12523
25446
31518
28078
21318
27476
1687
4281
3069
1252
29452
4913
21336
20427
1963
27797
7080
10921
18406
29857
30600
20540
27605
2594
30051
21715
14293
7176
21559
6150
30582
18621
30104
32421
8084
1973
12535
2286
23491
4423
27684
6403
2801
30907
7442
32155
28486
11428
6363
5367
5455
20848
21507
7192
13916
10813
30721
32303
6694
1006
29179
14421
15285
22142
24274
9596
13697
4245
30814
18085
14552
16729
26619
23380
5247
5255
8772
24129
3740
21698
12318
14929
5587
26667
2297
19396
3504
31537
25170
432
14917
19883
6268
13230
3860
22052
5281
32723
25903
12149
21508
17634
23709
1178
29832
3263
27904
28350
27254
31527
26997
31128
17275
5279
31676
16890
6896
29098
23193
25255
9054
12863
16249
9062
26946
17786
24409
7764
13069
22930
27364
20350
8815
2059
23003
17071
31445
4653
1466
21383
12593
16820
22425
13261
10489
16841
3408
11270
17010
1073
23006
19015
7726
1733
25868
29511
14803
3362
28237
2488
18975
8865
5865
8152
30249
30858
5978
26435
22506
29828
25590
21259
26107
848
1231
8202
10912
951
9432
14199
27654
24001
7241
8120
10697
6696
31300
28535
5049
3596
20920
30456
24030
28392
19846
5034
5562
25285
20450
25084
23757
24750
8444
16753
11359
30051
28896
24311
1657
16466
12443
14709
14389
15554
1696
21667
4407
11090
25194
3614
13436
12194
29538
18620
26195
30288
1794
25116
31656
30502
4667
9858
20104
10129
27156
14050
23522
12629
28565
5435
28299
384
13027
19239
31621
17308
20908
24239
4993
7465
5317
2403
3490
15691
4370
26027
20356
5311
20391
1624
22141
18963
16684
11390
26147
15895
134
3974
14
13455
10420
27519
2271
29994
16886
18869
16000
30904
2613
14213
25518
30359
7327
24431
17589
26222
15506
14445
31099
18974
18363
16259
2240
21494
4991
28568
20644
15655
14745
27524
22634
24695
6149
3690
28539
27961
2077
22088
15790
18044
4355
23756
10438
25219
6462
21098
13117
15989
23464
12203
14400
14934
9095
4296
10490
28982
5114
28535
12053
25000
32407
12037
22654
31350
3410
11941
12393
24467
17312
22024
27030
31569
6877
20525
32210
12244
15851
26747
26304
15559
10269
15885
21465
11597
11091
16717
434
25147
8550
12228
5757
3204
19654
560
10195
11253
11361
215
19889
26146
18119
29212
26304
18848
12428
5968
29145
20852
20974
27594
8392
15564
12216
23098
2128
3821
15207
23610
4464
19309
28298
14374
4069
17058
13679
20782
8688
602
27899
15785
15705
16076
30682
6060
3508
18383
11993
15324
2019
24138
12431
27264
22236
32236
21571
32475
1453
28445
17418
12472
2749
13620
560
5190
6228
11498
24025
19494
22109
28430
6888
8643
26987
19323
20768
30690
27387
28744
18057
19322
14073
4414
18710
14021
12933
9103
19332
10903
28662
452
18821
20975
21535
3064
14110
21451
8402
6212
32590
26433
2211
18298
22000
28108
12270
4630
24802
2020
16156
8561
31847
22481
27169
18744
7882
26304
4425
13597
8005
24599
24373
7884
25632
5894
2080
8225
15389
2654
3688
30104
26388
23207
12361
17669
4571
26221
25323
15493
18792
218
32415
7604
10554
30346
101
2336
18677
21658
1203
7678
11596
9730
24433
16924
16419
6949
30024
9751
5109
20391
14876
22990
30324
8831
30935
1302
5744
21581
18537
6320
16634
24557
21005
2936
31177
16716
19661
30686
29405
7802
21064
11674
10081
1793
28851
2972
7638
15734
7710
13890
5486
16205
28920
32206
8886
32497
16854
2327
32632
1045
6768
6271
4576
26180
5612
29988
28381
21952
5728
24667
23498
9865
29586
5978
4942
4540
1794
16180
20865
8478
14634
19723
27472
30969
29700
16000
29986
29735
7885
13935
15548
18028
1801
20954
6753
6409
23239
18722
23870
21901
6182
12669
22278
4847
5656
29348
19162
22746
2662
17612
17259
11592
12532
19160
5218
8274
30791
7373
2816
19014
22340
22150
4609
28667
12346
32425
19655
16737
25891
23001
28084
26204
295
32301
19416
19923
7010
15073
31692
29444
22247
10316
28637
3354
9221
29714
25453
23809
9929
15771
5527
3449
26307
5828
5906
22889
11277
31956
12120
27766
11658
23985
7431
12757
29804
32084
13703
1373
6393
20346
10221
31457
15502
6556
26399
12220
25828
28962
32569
23213
7314
27092
23088
3558
31955
2193
14262
24415
1162
20035
23645
27504
24707
28434
15358
26015
2300
2520
9052
11191
22628
29653
9477
3866
32610
27813
19833
18519
31257
20078
25230
18687
27307
3678
12819
24501
31995
8533
13236
25221
14264
6366
541
21367
24215
3172
28515
13155
18911
8867
14495
30470
22315
20316
7388
21078
22379
6477
23347
19987
7725
31840
23604
23455
5659
15395
